00100010010100100000000001100100
00100010011100110000000000110010
00000010010100111000100000100000
00111100000100010000000000000000
00111100000100100000000000000000
00111100000100110000000000000000
00100010010100100000000001100100
00100010011100110000000000110010
00000010010100111000100000100010
00111100000100010000000000000000
00111100000100100000000000000000
00111100000100110000000000000000
00111100000100100000000001100100
00111100000100110000000001100100
00111100000101000000000000110010
00000010010100111000100000100000
00000010001101001000100000100010
00111100000100010000000000000000
00111100000100100000000000000000
00111100000100110000000000000000
00111100000101000000000000000000
00100010010100100000000001100100
00100010011100110000000000110010
00110010010100010000000000110010
00110110010100010000000001100100
00000010010100111000100000100100
00000010010100111000100000100101
00000010010100111000100000100110
00111100000100010000000000000000
00111100000100100000000000000000
00111100000100110000000000000000
00111100000101000000000000000000
00100010001100010000000000000000
00100010010100100000000000000001
00100010011100110000000001100100
00101010010100010000000001100100
00000010010100111000100000101010
00111100000100010000000000000000
00111100000100100000000000000000
00111100000100110000000000000000
00111100000101000000000000000000
00100010001100010000000000000010
00100010010100100000000000000010
00010010001100100000000000000100
00000000000000000000000000000000
00000000000000000000000000000000
00000000000000000000000000000000
00000000000000000000000000000000
00000000000000000000000000000000
00000000000000000000000000000000
00000000000000000000000000000000
00000000000000000000000000000000
00001100000000000000000000111010
00000000000000000000000000000000
00000000000000000000000000000000
00000000000000000000000000000000
00000000000000000000000000000000
00000011111000000000000000001000
00111100000100010000000000000000
00111100000100100000000000000000
00111100000100110000000000000000
00111100000101000000000000000000
00100010010100100000000001100100
00100010011100110000000000110010
00000010010100111000100000100111    
00111100000100010000000000000000
00111100000100100000000000000000
00111100000100110000000000000000
00111100000101000000000000000000
00100010010100100000000001100100
00100010011100110000000000110010
00000010010100111000100000100000
10101110001101000000000000000010
00111100000100010000000000000000
00111100000100100000000000000000
00111100000100110000000000000000
00111100000101000000000000000000
00100010010100100000000001100100
00100010011100110000000000110010
00000010010100111000100000100000
10001110001101000000000000000010


